Island.ID	Region	Archipelago	Island	Arch.isl	Weigelt.ID	Long	Lat	Area	Dist	SLMP	Elev	Temp	Prec	Max.mass.pre.extinction	Log.mean.pre.extinction	Reversed.log.mean.pre.extinction	Max.mass.post.extinction	Log.mean.post.extinction	Reversed.log.mean.post.extinction	Grams.change.in.Max.mass	Grams.change.in.mean	Proportional.loss.mean.mass	Proportional.loss.max.mass	Species.richness.pre.extinction	Species.richness.post.extinction	Number.extinct	Proportion.richness.lost	ID.mass.loss
66	Atlantic	Azores	Corvo	Azores, Corvo	19159	-31.105223	39.699105	17.12	1855.31	0.443	627	17.5	1558	490	4.016249211	55.49257405	490	4.016249211	55.49257405	0	0	0	0	9	9	0	0	NA
67	Atlantic	Azores	Faial	Azores, Faial	19103	-28.701332	38.578217	173.09	1667.86	0.46	1038	17.5	1368	490	3.843445825	46.68606962	490	3.843445825	46.68606962	0	0	0	0	11	11	0	0	NA
68	Atlantic	Azores	Flores	Azores, Flores	19158	-31.20249	39.44195	140.98	1872.34	0.438	852	17.6	1647	490	4.016249211	55.49257405	490	4.016249211	55.49257405	0	0	0	0	9	9	0	0	NA
69	Atlantic	Azores	Graciosa	Azores, Graciosa	19152	-28.011327	39.052294	60.69	1602.92	0.478	371	17.3	1183	490	3.901980754	49.50040017	490	3.901980754	49.50040017	0	0	0	0	10	10	0	0	NA
70	Atlantic	Azores	Pico	Azores, Pico	19100	-28.333573	38.469473	444.97	1637.47	0.46	2260	17.6	1828	490	3.843445825	46.68606962	490	3.843445825	46.68606962	0	0	0	0	11	11	0	0	NA
71	Atlantic	Azores	Santa Maria	Azores, Santa Maria	18774	-25.099823	36.971334	96.89	1385.3	0.459	575	18	909	490	3.901980754	49.50040017	490	3.901980754	49.50040017	0	0	0	0	10	10	0	0	NA
72	Atlantic	Azores	Sao Jorge	Azores, Sao Jorge	19139	-28.029236	38.637234	243.78	1608.94	0.465	1053	17.5	1374	490	3.901980754	49.50040017	490	3.901980754	49.50040017	0	0	0	0	10	10	0	0	NA
73	Atlantic	Azores	Sao Miguel	Azores, Sao Miguel	19038	-25.481891	37.7954	744.72	1400.65	0.445	1094	17.5	1240	490	3.766058366	43.20941303	490	3.766058366	43.20941303	0	0	0	0	13	13	0	0	NA
74	Atlantic	Azores	Terceira	Azores, Terceira	19146	-27.2123	38.723901	400.56	1537.24	0.46	930	17.4	1364	490	3.796463448	44.54337563	490	3.796463448	44.54337563	0	0	0	0	12	12	0	0	NA
24	Pacific	Bismarck	Lavongai	Bismarck, Lavongai	65407	150.233483	-2.53034	1221.32	1239.27	0.362	825	27	3531	1706.5	4.797148745	121.1644537	1706.5	4.797148745	121.1644537	0	0	0	0	39	39	0	0	NA
25	Pacific	Bismarck	Manus	Bismarck, Manus	65798	146.912301	-2.088798	1855.71	1067.08	0.427	614	27.1	3997	1386	4.677846551	107.5382449	1386	4.677846551	107.5382449	0	0	0	0	33	33	0	0	NA
26	Pacific	Bismarck	Mussau	Bismarck, Mussau	66333	149.619462	-1.430651	342.84	1289.15	0.342	562	27.1	3471	1386	4.611059328	100.5906518	1386	4.552737568	94.89182585	0	5.698825908	0.056653633	0	28	27	1	0.035714286	7
27	Pacific	Bismarck	UmboiIsland	Bismarck, UmboiIsland	84232	147.919974	-5.634676	870.99	813.78	0.608	1493	26.5	4058	1386	4.927125404	137.9822983	1386	4.927125404	137.9822983	0	0	0	0	47	47	0	0	NA
28	Pacific	BoninIslands	Haha-Jima	BoninIslands, Haha-Jima	60658	142.157199	26.667203	22.49	1553.12	0.295	374	23.4	1462	519.25	4.229241678	68.66514212	424.334619	4.004447924	54.84153933	94.915381	13.82360279	0.201319073	0.182793223	10	9	1	0.1	15
1	Atlantic	Canaryislands	LaGomera	Canaryislands, LaGomera	18241	-17.232609	28.117411	372.21	347.18	0.757	1376	20.5	472	941	4.149662319	63.41258344	941	4.039830036	56.81668517	0	6.595898267	0.104015606	0	15	14	1	0.066666667	11
2	Atlantic	Canaryislands	Lanzarote	Canaryislands, Lanzarote	18249	-13.641825	29.024478	818.57	138.1	0.875	623	19.9	205	1555	4.41384901	82.58672968	1555	4.41384901	82.58672968	0	0	0	0	7	7	0	0	NA
3	Atlantic	Canaryislands	LaPalma	Canaryislands, LaPalma	18247	-17.858329	28.68988	716.46	434.36	0.655	2357	20.4	598	3199	4.499276368	89.95201556	941	4.224559662	68.3444023	2258	21.60761327	0.240212664	0.705845577	14	13	1	0.071428571	16
4	Atlantic	CapeVerde	BoaVista	CapeVerde, BoaVista	18196	-22.813981	16.098296	628.74	586.53	0.507	267	24.2	87	559	3.779594257	43.79826727	559	3.779594257	43.79826727	0	0	0	0	3	3	0	0	NA
5	Atlantic	CapeVerde	Santiago1	CapeVerde, Santiago	18189	-23.624804	15.083736	1009.57	656.74	0.467	1086	25.2	526	559	3.779594257	43.79826727	559	3.779594257	43.79826727	0	0	0	0	3	3	0	0	NA
6	Atlantic	CapeVerde	SantoAntao	CapeVerde, SantoAntao	18205	-25.170055	17.056544	791.8	857.07	0.42	1934	26.4	403	559	3.779594257	43.79826727	559	3.779594257	43.79826727	0	0	0	0	3	3	0	0	NA
7	Atlantic	CapeVerde	SaoNicolao	CapeVerde, SaoNicolao	18199	-24.256203	16.598519	349.64	749.6	0.464	1062	24	379	559	3.779594257	43.79826727	559	3.779594257	43.79826727	0	0	0	0	3	3	0	0	NA
11	Indian	Comoros	Anjouan	Comoros, Anjouan	54277	44.436436	-12.222163	432.08	417.78	0.706	1261	25.6	1876	734.27	4.298927196	73.62077063	734.27	4.298927196	73.62077063	0	0	0	0	17	17	0	0	NA
12	Indian	Comoros	GrandeComore	Comoros, GrandeComore	54294	43.354209	-11.662581	1021.61	307.45	0.736	2322	25.4	2410	525	4.048294405	57.29964368	525	4.048294405	57.29964368	0	0	0	0	20	20	0	0	NA
13	Indian	Comoros	Mayotte	Comoros, Mayotte	54179	45.143921	-12.823991	371.42	490.16	0.669	473	26.1	1394	524	3.688334717	39.97821647	524	3.688334717	39.97821647	0	0	0	0	22	22	0	0	NA
14	Indian	Comoros	Moheli	Comoros, Moheli	NA	43.749997	-12.249999	212.09	340.61	0.754	713	25.3	1998	734.27	4.289331891	72.91773526	734.27	4.289331891	72.91773526	0	0	0	0	18	18	0	0	NA
29	Pacific	CookIslands	Atiu	CookIslands, Atiu	8715	-158.114432	-19.995684	29.48	4956.71	0.185	74	25.1	1620	509.7371795	4.748611528	115.4239103	395	4.647208259	104.2934186	114.7371795	11.13049171	0.096431421	0.225090859	7	4	3	0.428571429	10
30	Pacific	CookIslands	Mangaia	CookIslands, Mangaia	8623	-157.91943	-21.928127	48.54	4902.74	0.178	140	24	2080	509.7371795	4.815321083	123.3864232	418.333	4.694828137	109.3800086	91.4041795	14.00641454	0.113516659	0.179316289	12	3	9	0.75	12
31	Pacific	CookIslands	Mitiaro	CookIslands, Mitiaro	8737	-157.702198	-19.867127	24.7	5002.13	0.186	15	25.1	1700	395	4.67569747	107.3073847	395	4.67569747	107.3073847	0	0	0	0	3	3	0	0	NA
32	Pacific	CookIslands	Rarotonga	CookIslands, Rarotonga	8654	-159.777546	-21.234623	69.11	4746.59	0.176	402	24.2	2605	418.333	4.675499347	107.2861267	418.333	4.840457644	126.527243	0	-19.24111626	-0.179343936	0	7	6	1	0.142857143	1
10	Atlantic	FernandodeNoronha	FernandodeNoronha	FernandodeNoronha, FernandodeNoronha	8489	-32.425866	-3.856477	21.1	362.25	0.491	112	27	1365	112.65	3.424575565	30.70960784	112.65	3.424575565	30.70960784	0	0	0	0	4	4	0	0	NA
33	Pacific	Fiji	Kadavu	Fiji, Kadavu	78313	178.229696	-19.04123	449.61	2681.88	0.206	709	24.5	2726	509.7371795	4.576304575	97.15470212	509.7371795	4.576304575	97.15470212	0	0	0	0	21	21	0	0	NA
34	Pacific	Fiji	Taveuni	Fiji, Taveuni	78721	179.956647	-16.926998	148.28	2941.13	0.291	1075	25.6	3351	509.7371795	4.602664595	99.74975453	509.7371795	4.602664595	99.74975453	0	0	0	0	25	25	0	0	NA
35	Pacific	Galapagos	Fernandina	Galapagos, Fernandina	9960	-91.512937	-0.385734	649.11	1182.23	0.335	1462	24.4	1565	42405	4.049638303	57.37670032	7000	3.661086347	38.90358271	35405	18.47311761	0.321962007	0.834925127	18	17	1	0.055555556	19
36	Pacific	Galapagos	Isabela	Galapagos, Isabela	9975	-91.184344	-0.559293	4726.57	1144.63	0.24	1685	24.4	1897	106506	5.333224028	207.1046101	106506	5.333224028	207.1046101	0	0	0	0	19	19	0	0	NA
37	Pacific	Galapagos	Pinta	Galapagos, Pinta	9987	-90.757025	0.586845	60.33	1110.79	0.25	548	24.5	1114	59133	3.810059523	45.15312642	111.9	3.211935781	24.82709956	59021.1	20.32602685	0.450157685	0.998107656	13	12	1	0.076923077	21
38	Pacific	Galapagos	SanCristobal	Galapagos, SanCristobal	9906	-89.43056	-0.826798	559.98	948.39	0.236	625	23.9	1529	46338	3.784219981	44.0013353	46338	3.784219981	44.0013353	0	0	0	0	15	15	0	0	NA
39	Pacific	Galapagos	SantaCruz	Galapagos, SantaCruz	9942	-90.358406	-0.627248	987.09	1052.43	0.331	807	24.2	1335	70121	4.061746275	58.07563862	70121	4.092299232	59.87740562	0	-1.801766995	-0.031024489	0	20	19	1	0.05	3
40	Pacific	Galapagos	Santiago	Galapagos, Santiago	9970	-90.712546	-0.266245	577.1	1094.32	0.367	902	24.3	1343	56897	4.0813003	59.22242675	56897	4.0813003	59.22242675	0	0	0	0	19	19	0	0	NA
41	Pacific	Hawaii	Kauai	Hawaii, Kauai	9854	-159.524241	22.058363	1442.95	3648.33	0.24	1530	23.9	6586	50.5	3.698378712	40.38178075	39.6	3.53243951	34.20731501	10.9	6.174465741	0.152902265	0.215841584	4	2	2	0.5	13
42	Pacific	Hawaii	Lanai	Hawaii, Lanai	9832	-156.927066	20.834995	366.6	3749.62	0.307	999	24.1	1344	34.7075	3.416819697	30.47234946	0	0	1	34.7075	29.47234946	0.967183364	1	3	0	3	1	32
43	Pacific	Hawaii	Maui	Hawaii, Maui	9834	-156.336777	20.790415	1894.11	3705.66	0.29	2993	24.1	6068	5865.05	5.047102675	155.571071	26.2	3.265759411	26.2	5838.85	129.371071	0.831588226	0.99553286	6	1	5	0.833333333	29
44	Pacific	Hawaii	Molokai	Hawaii, Molokai	9838	-157.014518	21.133173	680.42	3735.63	0.314	1377	24.3	2520	610.55	4.255972169	70.52534646	34.7075	3.546955802	34.7075	575.8425	35.81784646	0.507871967	0.943153714	5	1	4	0.8	22
45	Pacific	Hawaii	Oahu	Hawaii, Oahu	9850	-157.973393	21.458674	1560.18	3727.98	0.252	1168	24.4	4512	610.55	4.569837076	96.52838171	0	0	1	610.55	95.52838171	0.989640353	1	4	0	4	1	33
23	Pacific	LordHoweIsland	LordHoweIsland	Australia, LordHoweIsland	76959	159.07716	-31.553015	17.47	574.56	0.259	260	19.3	1662	496	4.598215368	99.30693106	496	4.531636817	92.91051423	0	6.39641683	0.064410578	0	17	14	3	0.176470588	8
8	Atlantic	Madeira	Madeira	Madeira, Madeira	18614	-16.99913	32.746337	740.94	660.04	0.577	1755	19	890	1117.25	3.573470019	35.64005047	1117.25	3.573470019	35.64005047	0	0	0	0	10	10	0	0	NA
9	Atlantic	Madeira	PortoSanto	Madeira, PortoSanto	18726	-16.342174	33.06918	40.33	640.12	0.614	323	18.8	499	867	3.369692298	29.06958092	867	3.369692298	29.06958092	0	0	0	0	5	5	0	0	NA
15	Indian	Mascarene	Mauritius	Mascarene, Mauritius	53663	57.571984	-20.283626	1868.44	1874.49	0.399	714	24	2099	78524	4.758121378	116.5268103	456.3	3.300297375	27.12070275	78067.7	89.40610755	0.767257829	0.994189038	24	14	10	0.416666667	25
16	Indian	Mascarene	Reunion	Mascarene, Reunion	53611	55.532685	-21.133348	2512.65	1699.32	0.467	2930	23.7	2109	15294	4.816892386	123.580453	456.3	3.092064188	22.02248964	14837.7	101.5579634	0.821796335	0.97016477	16	6	10	0.625	28
17	Indian	Mascarene	Rodrigues	Mascarene, Rodrigues	53693	63.421348	-19.716703	111.62	2459.6	0.38	346	24.5	1133	78524	5.812953978	334.6060864	253.8	4.133831015	62.41658433	78270.2	272.189502	0.813462496	0.996767867	14	2	12	0.857142857	27
46	Pacific	NewCaledonia	IledesPins	NewCaledonia, IledesPins	77353	167.475909	-22.607196	145.43	1495.37	0.205	124	22.7	2033	40000	5.522081658	250.1552333	600	5.039242997	154.3531249	39400	95.80210832	0.382970634	0.985	19	14	5	0.263157895	20
47	Pacific	RevillagigedoIslands	Socorro	RevillagigedoIslands, Socorro	11852	-110.975066	18.791751	136	463.75	0.343	908	24.6	451	192	3.314064919	27.49667036	177	2.990159844	19.88886135	15	7.607809005	0.2766811	0.078125	7	6	1	0.142857143	17
18	Indian	Seychelles	Aldabra	Seychelles, Aldabra	NA	46.36881	-9.42548	164.0589773	644.72	0.554	10.99005839	26.1	1092	150000	5.455755449	234.1016561	150000	5.455755449	234.1016561	0	0	0	0	7	7	0	0	NA
19	Indian	Seychelles	LaDigue	Seychelles, LaDigue	54633	55.837878	-4.360895	10.57	1305.3	0.396	124	26.4	2184	150000	5.863881205	352.0880215	457	4.474730161	87.77091319	149543	264.3171083	0.750713152	0.996953333	6	4	2	0.333333333	24
20	Indian	Seychelles	Mahe	Seychelles, Mahe	54624	55.46728	-4.676443	163.01	1299.55	0.39	757	26.6	2303	150000	5.390390343	219.2889668	165	3.580920606	35.90658145	149835	183.3823854	0.836259061	0.9989	7	4	3	0.428571429	30
21	Indian	Seychelles	Praslin	Seychelles, Praslin	54638	55.730145	-4.32388	39.32	1293.88	0.394	284	26.5	2218	150000	5.778366392	323.2307266	214	4.285053317	72.60641777	149786	250.6243088	0.775372785	0.998573333	7	4	3	0.428571429	26
22	Indian	Seychelles	Silhouette	Seychelles, Silhouette	54628	55.230665	-4.487211	20.55	1266.02	0.394	471	26.5	2235	150000	5.863881205	352.0880215	165	3.924745751	50.6402012	149835	301.4478203	0.856171758	0.9989	6	3	3	0.5	31
48	Pacific	SolomonIslands	Bellona	SolomonIslands, Bellona	80642	159.792116	-11.296598	17.66	1539.41	0.237	76	26.3	2631	1013.7	4.832983493	125.5850845	1013.7	4.832983493	125.5850845	0	0	0	0	9	9	0	0	NA
49	Pacific	SolomonIslands	Buka	SolomonIslands, Buka	84482	154.626695	-5.221738	606.96	1455.9	0.362	371	27.3	2756	1706.5	5.078429703	160.5217911	1706.5	4.883979094	132.1554781	0	28.36631297	0.17671316	0	46	38	8	0.173913043	14
50	Pacific	SolomonIslands	Choiseul	SolomonIslands, Choiseul	83480	156.926182	-7.021703	3133.59	1538.34	0.346	867	27.1	3846	1706.5	5.02999427	152.9321363	1706.5	5.012380531	150.2620141	0	2.670122219	0.017459523	0	48	47	1	0.020833333	4
51	Pacific	SolomonIslands	Makira	SolomonIslands, Makira	81155	161.81301	-10.553912	3084.56	1761.26	0.242	906	26.4	3991	1013.7	4.772765187	118.2457619	1013.7	4.722970372	112.5019295	0	5.743832483	0.048575377	0	42	40	2	0.047619048	6
52	Pacific	SolomonIslands	Malaita	SolomonIslands, Malaita	82308	160.947903	-8.918074	3749.93	1811.98	0.294	1163	26.8	3784	1706.5	4.960667063	142.6889467	1706.5	4.924537547	137.6256815	0	5.063265245	0.035484635	0	45	44	1	0.022222222	5
53	Pacific	SolomonIslands	Rennell	SolomonIslands, Rennell	80609	160.27457	-11.660136	834.97	1553.66	0.212	179	26.2	2814	1013.7	4.553249322	94.9403996	1013.7	4.553249322	94.9403996	0	0	0	0	19	19	0	0	NA
54	Pacific	SolomonIslands	SantaIsabel	SolomonIslands, SantaIsabel	82847	159.169723	-8.019806	3813.35	1690.36	0.271	1077	27	3512	1706.5	4.940062242	139.7789494	1706.5	4.940062242	139.7789494	0	0	0	0	42	42	0	0	NA
55	Pacific	Tonga Islands	Eua	Tonga, Eua	8652	-174.932571	-21.375878	92.62	3262.43	0.17	282	23.6	1703	630.40625	5.260156795	192.5116738	395	4.523310153	92.14009157	235.40625	100.3715822	0.521379199	0.373419918	21	7	14	0.666666667	23
56	Pacific	Vanuatu	Ambrym	Vanuatu, Ambrym	78917	168.122293	-16.258192	677.31	1870.68	0.275	1043	25.2	3071	630.40625	4.437456748	84.55961159	630.40625	4.469503975	87.31340266	0	-2.753791064	-0.032566269	0	23	22	1	0.043478261	2
57	Pacific	Vanuatu	Aneityum	Vanuatu, Aneityum	78173	169.821691	-20.190763	162.95	1816.91	0.188	703	23.4	2374	418.333	4.289322754	72.91706901	418.333	4.289322754	72.91706901	0	0	0	0	16	16	0	0	NA
58	Pacific	Vanuatu	Efate	Vanuatu, Efate	78498	168.389324	-17.677363	902.98	1809.93	0.194	626	24.7	2580	250000	4.713400825	111.4304718	630.40625	4.36600308	78.72833118	249369.5938	32.70214066	0.293475744	0.997478375	26	24	2	0.076923077	18
59	Pacific	Vanuatu	EspirituSanto	Vanuatu, EspirituSanto	79783	166.872853	-15.241205	3954.37	1832.03	0.236	1698	25.7	4094	630.40625	4.454663067	86.02716058	630.40625	4.454663067	86.02716058	0	0	0	0	23	23	0	0	NA
60	Pacific	Vanuatu	FutunaVanuatu	Vanuatu, FutunaVanuatu	78279	170.217983	-19.528174	11.93	1885.03	0.198	642	23.8	2236	418.333	4.493132358	89.40104386	418.333	4.493132358	89.40104386	0	0	0	0	11	11	0	0	NA
61	Pacific	Vanuatu	Lopevi	Vanuatu, Lopevi	78803	168.337659	-16.506894	36.75	1874.17	0.277	1044	25.1	3075	630.40625	4.248364844	69.99087274	630.40625	4.248364844	69.99087274	0	0	0	0	18	18	0	0	NA
62	Pacific	Vanuatu	Maewo	Vanuatu, Maewo	79619	168.119055	-15.150762	309.71	1942.89	0.233	778	25.7	3425	630.40625	4.725068773	112.7382514	630.40625	4.725068773	112.7382514	0	0	0	0	18	18	0	0	NA
63	Pacific	Vanuatu	MereLava	Vanuatu, MereLava	79909	168.043208	-14.459562	18.42	1984.21	0.228	2	25.9	3363	418.333	4.307232381	74.23475086	418.333	4.307232381	74.23475086	0	0	0	0	13	13	0	0	NA
64	Pacific	Vanuatu	Tanna	Vanuatu, Tanna	78286	169.347432	-19.497358	568.17	1804.19	0.201	911	23.8	2114	630.40625	4.503749655	90.35529813	630.40625	4.429593368	83.89729464	0	6.458003498	0.071473435	0	22	20	2	0.090909091	9
65	Pacific	Vanuatu	Tongoa	Vanuatu, Tongoa	78695	168.55889	-16.899503	40.42	1870.19	0.254	344	25	2736	630.40625	4.621952769	101.6924201	630.40625	4.621952769	101.6924201	0	0	0	0	16	16	0	0	NA
